Good/Se2/64gb/black
356835115140518
356843111976935
356854118387430
356854118609387
355054413267921
356835110401378
356846114451442
356840117521947
356843118273278
356838116069413
356839118356998
356836118232567
356853115569644
356477107353864
356849112863931
356838116359277
356841118270161
356851115806149
356840115679739
356850114706243
356463106466808
356836119187679
356835112152383
356472109343096
356850117855385
Good/se2/128gb/black
356836116752012
Good/se3/64gb/black/fbm
350393283769540
354140916285493
350393281098090
352938143275845
355568945090295
350757501745757
354398683750913
351764893706305
351876499462354
350757504518714
350422147333548
350422147699989
351876495660118
350328937786912
352308254811863
354109337885447
351876493757601
356908249467881
350829590423628
352787907783878
350393281745328
